[gd_scene load_steps=12 format=2]

[ext_resource path="res://assets/enemies/import/reptileMonster/reptilemonster.glb" type="PackedScene" id=1]
[ext_resource path="res://src/Characters/Hitbox.tscn" type="PackedScene" id=2]
[ext_resource path="res://src/Characters/Enemies/Monster.gd" type="Script" id=3]
[ext_resource path="res://src/Characters/HealthController.tscn" type="PackedScene" id=4]
[ext_resource path="res://src/Characters/CharacterController.tscn" type="PackedScene" id=5]
[ext_resource path="res://src/Characters/Enemies/AimAtObject.gd" type="Script" id=6]
[ext_resource path="res://src/Weapons/FireballSpawner.tscn" type="PackedScene" id=7]

[sub_resource type="CapsuleShape" id=1]
radius = 0.1
height = 0.4

[sub_resource type="BoxShape" id=2]
extents = Vector3( 0.150011, 0.350008, 0.144214 )

[sub_resource type="CapsuleShape" id=3]
radius = 0.0745169

[sub_resource type="CapsuleShape" id=4]
radius = 0.5

[node name="ReptileMonster" type="KinematicBody"]
collision_layer = 2
collision_mask = 3
script = ExtResource( 3 )
attack_distance = 100.0

[node name="Model" parent="." instance=ExtResource( 1 )]

[node name="Skeleton" parent="Model/Armature" index="0"]
bones/1/bound_children = [ NodePath("Head"), NodePath("Body") ]
bones/2/bound_children = [ NodePath("ArmUL") ]
bones/3/bound_children = [ NodePath("ArmLL") ]
bones/4/bound_children = [ NodePath("ArmUR") ]
bones/5/bound_children = [ NodePath("ArmLR") ]
bones/7/bound_children = [ NodePath("LegLL") ]
bones/9/bound_children = [ NodePath("LegLR") ]

[node name="Head" type="BoneAttachment" parent="Model/Armature/Skeleton" index="1"]
transform = Transform( 1, 1.77636e-15, -2.38419e-07, -2.5024e-08, 0.994477, -0.104958, 2.37102e-07, 0.104958, 0.994477, 2.84689e-18, 1.20205, -0.042127 )
bone_name = "body"

[node name="Hitbox" parent="Model/Armature/Skeleton/Head" instance=ExtResource( 2 )]
weak_spot = true
critical_damage_multiplier = 5.0

[node name="CollisionShape" type="CollisionShape" parent="Model/Armature/Skeleton/Head/Hitbox"]
transform = Transform( 1, -4.26326e-14, -9.9476e-14, 7.10543e-15, 0.990996, -0.1339, 0, 0.1339, 0.990996, -3.60119e-09, 0.627761, 0.221162 )
shape = SubResource( 1 )

[node name="Body" type="BoneAttachment" parent="Model/Armature/Skeleton" index="2"]
transform = Transform( 1, 1.77636e-15, -2.38419e-07, -2.5024e-08, 0.994477, -0.104958, 2.37102e-07, 0.104958, 0.994477, 2.84689e-18, 1.20205, -0.042127 )
bone_name = "body"

[node name="Hitbox" parent="Model/Armature/Skeleton/Body" instance=ExtResource( 2 )]

[node name="CollisionShape" type="CollisionShape" parent="Model/Armature/Skeleton/Body/Hitbox"]
transform = Transform( 1, -1.42109e-14, -4.26326e-14, 0, 0.990996, -0.1339, 0, 0.1339, 0.990996, -1.42109e-14, 0.285215, 0.0207151 )
shape = SubResource( 2 )

[node name="ArmUL" type="BoneAttachment" parent="Model/Armature/Skeleton" index="3"]
transform = Transform( -0.768204, 0.639068, -0.0381404, -0.634004, -0.767684, -0.0932756, -0.0888892, -0.0474735, 0.994909, 0.218738, 1.59086, 0.0117653 )
bone_name = "upper_arml"

[node name="Hitbox" parent="Model/Armature/Skeleton/ArmUL" instance=ExtResource( 2 )]

[node name="CollisionShape" type="CollisionShape" parent="Model/Armature/Skeleton/ArmUL/Hitbox"]
transform = Transform( 1, 0, 2.98023e-07, 1.49012e-08, -2.98023e-08, -0.567322, 0, 1, -1.49012e-07, 5.96046e-08, 0.127963, 2.38419e-07 )
shape = SubResource( 3 )

[node name="ArmUR" type="BoneAttachment" parent="Model/Armature/Skeleton" index="4"]
transform = Transform( -0.768204, -0.639068, 0.0381405, 0.634004, -0.767684, -0.0932756, 0.0888892, -0.0474735, 0.994909, -0.218738, 1.59086, 0.0117653 )
bone_name = "upper_armr"

[node name="Hitbox" parent="Model/Armature/Skeleton/ArmUR" instance=ExtResource( 2 )]

[node name="CollisionShape" type="CollisionShape" parent="Model/Armature/Skeleton/ArmUR/Hitbox"]
transform = Transform( 1, 0, 2.98023e-07, 1.49012e-08, -2.98023e-08, -0.567322, 0, 1, -1.49012e-07, 5.96046e-08, 0.127963, 2.38419e-07 )
shape = SubResource( 3 )

[node name="ArmLR" type="BoneAttachment" parent="Model/Armature/Skeleton" index="5"]
transform = Transform( -0.859371, -0.371408, 0.351477, 0.506519, -0.712557, 0.48549, 0.0701327, 0.595246, 0.800477, -0.43137, 1.33543, -0.00403017 )
bone_name = "lower_armr"

[node name="Hitbox" parent="Model/Armature/Skeleton/ArmLR" instance=ExtResource( 2 )]

[node name="CollisionShape" type="CollisionShape" parent="Model/Armature/Skeleton/ArmLR/Hitbox"]
transform = Transform( 1, 0, 2.98023e-07, 1.49012e-08, -2.98023e-08, -0.567322, 0, 1, -1.49012e-07, 5.96046e-08, 0.127963, 2.38419e-07 )
shape = SubResource( 3 )

[node name="ArmLL" type="BoneAttachment" parent="Model/Armature/Skeleton" index="6"]
transform = Transform( -0.859372, 0.371408, -0.351477, -0.506519, -0.712558, 0.48549, -0.0701327, 0.595246, 0.800477, 0.43137, 1.33543, -0.00403016 )
bone_name = "lower_arml"

[node name="Hitbox" parent="Model/Armature/Skeleton/ArmLL" instance=ExtResource( 2 )]

[node name="CollisionShape" type="CollisionShape" parent="Model/Armature/Skeleton/ArmLL/Hitbox"]
transform = Transform( 1, 0, 2.98023e-07, 1.49012e-08, -2.98023e-08, -0.567322, 0, 1, -1.49012e-07, 5.96046e-08, 0.127963, 2.38419e-07 )
shape = SubResource( 3 )

[node name="LegUL" type="BoneAttachment" parent="Model/Armature/Skeleton" index="7"]
transform = Transform( -0.782999, 0.14838, 0.604046, 0.0548854, -0.95086, 0.304714, 0.619573, 0.271751, 0.736382, 0.131876, 0.936301, 1.36788e-07 )
bone_name = "upperlegl"

[node name="Hitbox" parent="Model/Armature/Skeleton/LegUL" instance=ExtResource( 2 )]

[node name="CollisionShape" type="CollisionShape" parent="Model/Armature/Skeleton/LegUL/Hitbox"]
transform = Transform( 1, 0, 2.98023e-07, 1.49012e-08, -2.98023e-08, -0.567322, 0, 1, -1.49012e-07, 5.96046e-08, 0.127963, 2.38419e-07 )
shape = SubResource( 3 )

[node name="LegLL" type="BoneAttachment" parent="Model/Armature/Skeleton" index="8"]
transform = Transform( -0.978013, -0.0485491, 0.20281, 0.0195293, -0.989571, -0.14271, 0.207624, -0.135611, 0.968761, 0.175063, 0.48088, 0.108877 )
bone_name = "lowerlegl"

[node name="Hitbox" parent="Model/Armature/Skeleton/LegLL" instance=ExtResource( 2 )]

[node name="CollisionShape" type="CollisionShape" parent="Model/Armature/Skeleton/LegLL/Hitbox"]
transform = Transform( 1, 0, 2.98023e-07, 1.49012e-08, -2.98023e-08, -0.567322, 0, 1, -1.49012e-07, 5.96046e-08, 0.127963, 2.38419e-07 )
shape = SubResource( 3 )

[node name="LegUR" type="BoneAttachment" parent="Model/Armature/Skeleton" index="9"]
transform = Transform( -0.782998, -0.148381, -0.604045, -0.0548847, -0.950859, 0.304716, -0.619573, 0.271751, 0.736382, -0.131876, 0.936301, 1.36788e-07 )
bone_name = "upperlegr"

[node name="Hitbox" parent="Model/Armature/Skeleton/LegUR" instance=ExtResource( 2 )]

[node name="CollisionShape" type="CollisionShape" parent="Model/Armature/Skeleton/LegUR/Hitbox"]
transform = Transform( 1, 0, 2.98023e-07, 1.49012e-08, -2.98023e-08, -0.567322, 0, 1, -1.49012e-07, 5.96046e-08, 0.127963, 2.38419e-07 )
shape = SubResource( 3 )

[node name="LegLR" type="BoneAttachment" parent="Model/Armature/Skeleton" index="10"]
transform = Transform( -0.978013, 0.0485482, -0.202811, -0.0195284, -0.989572, -0.14271, -0.207625, -0.13561, 0.968761, -0.175064, 0.48088, 0.108877 )
bone_name = "lowerlegr"

[node name="Hitbox" parent="Model/Armature/Skeleton/LegLR" instance=ExtResource( 2 )]

[node name="CollisionShape" type="CollisionShape" parent="Model/Armature/Skeleton/LegLR/Hitbox"]
transform = Transform( 1, 0, 2.98023e-07, 1.49012e-08, -2.98023e-08, -0.567322, 0, 1, -1.49012e-07, 5.96046e-08, 0.127963, 2.38419e-07 )
shape = SubResource( 3 )

[node name="AnimationPlayer" parent="Model" index="1"]
autoplay = "idle_loop"

[node name="CollisionShape" type="CollisionShape" parent="."]
transform = Transform( 1, 0, 0, 0, -1.62921e-07, -1, 0, 1, -1.62921e-07, 0, 1, 0 )
shape = SubResource( 4 )

[node name="HealthController" parent="." instance=ExtResource( 4 )]
transform = Transform( 1, 0, 0, 0, 1, 0, 0, 0, 1, 0, 1, 0 )
max_health = 20

[node name="CharacterController" parent="." instance=ExtResource( 5 )]
move_acceleration = 2.0
max_speed = 10.0
use_local_rotation = true

[node name="AimAtObject" type="Spatial" parent="."]
transform = Transform( 1, 0, 0, 0, 1, 0, 0, 0, 1, 0, 0.855507, 0.371226 )
script = ExtResource( 6 )

[node name="FireballSpawner" parent="AimAtObject" instance=ExtResource( 7 )]
transform = Transform( -1, 0, -3.25841e-07, 0, 1, 0, 3.25841e-07, 0, -1, 0, 0.5, 0.5 )

[editable path="Model"]
