[gd_scene load_steps=9 format=2]

[ext_resource path="res://src/Effects/Gib.tscn" type="PackedScene" id=1]
[ext_resource path="res://assets/weapons/imports/circle32.png" type="Texture" id=2]
[ext_resource path="res://src/Effects/Gibs.gd" type="Script" id=3]

[sub_resource type="SpatialMaterial" id=1]
flags_transparent = true
flags_unshaded = true
vertex_color_use_as_albedo = true
params_billboard_mode = 3
particles_anim_h_frames = 1
particles_anim_v_frames = 1
particles_anim_loop = false
albedo_texture = ExtResource( 2 )

[sub_resource type="Curve" id=2]
_data = [ Vector2( 0, 1 ), 0.0, 0.0, 0, 0, Vector2( 1, 0 ), 0.0, 0.0, 0, 0 ]

[sub_resource type="CurveTexture" id=3]
curve = SubResource( 2 )

[sub_resource type="ParticlesMaterial" id=4]
direction = Vector3( 0, 1, 0 )
initial_velocity = 5.0
scale = 0.2
scale_curve = SubResource( 3 )
color = Color( 0.247059, 0, 0, 1 )

[sub_resource type="QuadMesh" id=5]

[node name="Gibs" type="Spatial"]
script = ExtResource( 3 )

[node name="Gib1" parent="." instance=ExtResource( 1 )]
transform = Transform( 1, 0, 0, 0, 0.939693, -0.34202, 0, 0.34202, 0.939693, 0, 0, 0.468481 )

[node name="Gib2" parent="." instance=ExtResource( 1 )]
transform = Transform( 1, 0, 0, 0, 0.939693, 0.34202, 0, -0.34202, 0.939693, 0, 0, -0.48255 )

[node name="Gib3" parent="." instance=ExtResource( 1 )]
transform = Transform( 0.939693, 0.34202, 0, -0.34202, 0.939693, 0, 0, 0, 1, 0.57785, 0, 0 )

[node name="Gib4" parent="." instance=ExtResource( 1 )]
transform = Transform( 0.939693, -0.34202, 0, 0.34202, 0.939693, 0, 0, 0, 1, -0.552083, 0, 0 )

[node name="Particles" type="Particles" parent="."]
material_override = SubResource( 1 )
emitting = false
amount = 16
one_shot = true
explosiveness = 1.0
local_coords = false
process_material = SubResource( 4 )
draw_pass_1 = SubResource( 5 )
